1
北京
27
836.0
29657.8
16408.3
1.18
2
上海
20
825.0
31905.2
17731.1
1.25
3
广州
18
641.5
27534.9
14853.1
1.45
4
成都
14
601.7
18397.5
10514.2
0.99
5
深圳
17
567.1
25633.4
14840.1
1.48
6
武汉
15
529.6
12026.9
7681.9
0.76
7
杭州
12
516.0
12185.4
7333.3
0.76
8
重庆
11
494.6
11864.2
7489.2
0.82
9
南京
14
459.4
8903.1
5270.8
0.64
10
青岛
8
326.3
3832.6
2680.5
0.38
11
天津
9
298.3
5339.7
3316.9
0.60
12
西安
9
294.0
11009.5
7139.3
1.21
13
郑州
10
277.7
6253.4
3819.5
0.75
14
沈阳
11
262.2
5375.5
3413.2
0.66
15
苏州
8
258.5
4274.1
2648.0
0.53
16
大连
6
237.1
1998.7
1461.1
0.27
17
长沙
7
209.1
8228.5
4416.5
1.27
18
合肥
5
197.0
4336.6
2666.1
0.79
19
宁波
6
186.0
3290.2
1878.7
0.57
20
昆明
6
165.9
2585.6
1860.9
0.50
21
福州
5
139.0
2672.7
1931.2
0.62
22
南昌
4
128.5
3661.5
2207.2
0.92
23
南宁
5
128.2
3288.7
1973.8
0.83
24
佛山
6
127.3
1434.9
1097.7
0.36
25
贵阳
3
116.9
1575.2
1175.4
0.53
26
长春
5
111.2
1868.3
1327.9
0.54
27
无锡
4
110.8
1721.1
1169.2
0.50
28
厦门
3
98.4
2233.2
1719.0
0.73
29
济南
3
84.1
933.0
670.1
0.36
30
哈尔滨
3
82.1
2787.5
1834.7
1.10
31
石家庄
3
74.3
2727.7
1856.4
1.18
32
徐州
3
64.1
934.5
668.0
0.47
33
南通
2
58.8
254.5
236.3
0.20
34
绍兴
3
57.8
340.4
192.5
0.19
35
常州
2
54.0
606.5
498.4
0.36
36
温州
1
52.5
157.6
134.4
0.10
37
呼和浩特
2
49.0
734.4
594.2
0.48
38
芜湖
2
46.2
319.4
272.1
0.22
39
洛阳
2
43.5
532.8
402.7
0.40
40
昆山
2
43.0
430.6
317.7
0.32
41
东莞
1
37.8
411.9
411.9
0.35
42
兰州
2
33.5
1096.8
951.6
1.06
43
乌鲁木齐
1
26.8
347.3
347.3
0.42
44
黄石
1
26.8
38.4
38.4
0.05
45
太原
1
23.3
435.1
435.1
0.60
46
淮安
1
20.1
67.8
67.8
0.11
47
句容
1
17.3
63.7
36.1
0.12
48
嘉兴
1
13.8
24.6
24.6
0.06
49
文山
1
13.4
2.7
2.7
0.01
50
红河
1
13.4
1.2
1.2
0.01
51
天水
1
12.9
7.2
7.2
0.02
52
咸阳
1
10.7
191.2
142.6
0.58
53
三亚
1
8.4
18.6
18.6
0.07