1
上海
20
825.0
30755.9
17021.5
1.24
2
北京
27
807.0
29298.9
16111.8
1.21
3
广州
18
609.8
25250.6
13532.8
1.38
4
深圳
17
558.6
21787.1
12708.5
1.30
5
成都
13
557.8
17741.5
10042.1
1.06
6
杭州
12
516.0
12266.2
7333.8
0.79
7
武汉
14
504.3
11669.6
7385.6
0.77
8
重庆
10
455.9
10969.5
6870.4
0.80
9
南京
14
448.8
8320.0
5022.9
0.62
10
青岛
8
323.8
4135.3
2884.5
0.43
11
西安
9
294.0
10772.2
6968.8
1.22
12
天津
8
286.0
5140.8
3222.3
0.60
13
沈阳
11
262.2
4276.8
2897.7
0.65
14
郑州
9
261.2
4905.2
3079.0
0.68
15
苏州
8
258.5
4345.1
2684.1
0.56
16
大连
6
237.1
2208.0
1614.9
0.31
17
长沙
7
209.1
7937.6
4239.3
1.27
18
宁波
6
186.0
3058.0
1740.0
0.55
19
合肥
5
173.3
3453.9
2293.9
0.66
20
昆明
6
165.9
2461.3
1772.7
0.49
21
福州
5
139.0
2220.4
1606.3
0.53
22
南昌
4
128.5
3278.6
1964.5
0.85
23
南宁
5
128.2
2979.8
1796.7
0.77
24
佛山
6
127.3
1238.2
948.8
0.32
25
长春
5
111.2
2105.4
1495.4
0.63
26
无锡
4
110.8
1509.3
1030.8
0.45
27
厦门
3
98.4
2062.6
1579.0
0.70
28
济南
3
84.1
834.5
596.3
0.33
29
哈尔滨
3
81.4
2614.0
1729.7
1.11
30
贵阳
2
74.4
1125.5
886.7
0.50
31
石家庄
3
74.3
1392.5
970.1
0.62
32
徐州
3
64.1
720.7
516.5
0.37
33
绍兴
3
57.8
345.8
186.3
0.20
34
常州
2
54.0
683.1
561.2
0.42
35
温州
1
52.5
211.8
187.4
0.13
36
呼和浩特
2
49.0
567.6
460.5
0.39
37
芜湖
2
46.2
276.8
235.9
0.20
38
洛阳
2
43.5
418.5
317.8
0.32
39
昆山
2
43.0
442.6
320.0
0.34
40
南通
1
38.5
162.4
162.4
0.14
41
东莞
1
37.8
357.6
357.6
0.32
42
兰州
2
33.5
1119.1
968.2
1.11
43
乌鲁木齐
1
26.8
370.7
370.7
0.46
44
黄石
1
26.8
35.9
35.9
0.04
45
太原
1
23.3
370.4
370.4
0.53
46
淮安
1
20.1
56.7
56.7
0.09
47
句容
1
17.3
59.2
34.8
0.11
48
嘉兴
1
13.8
23.8
23.8
0.06
49
文山
1
13.4
3.4
3.3
0.01
50
红河
1
13.4
2.1
2.1
0.01
51
天水
1
12.9
7.4
7.4
0.02
52
咸阳
1
10.7
67.7
49.7
0.63
53
三亚
1
8.4
6.7
6.7
0.03
