1
上海
20
825.0
33832.7
18758.5
1.32
2
北京
27
807.0
32786.4
17953.7
1.31
3
广州
18
609.8
28465.3
15322.8
1.51
4
深圳
17
558.6
25908.1
15092.0
1.50
5
成都
13
557.8
19428.3
10894.5
1.12
6
杭州
12
516.0
12459.4
7611.4
0.78
7
武汉
14
504.3
11461.9
7232.2
0.73
8
重庆
10
455.9
11268.7
7036.0
0.80
9
南京
14
448.8
9038.6
5515.9
0.65
10
青岛
8
323.8
5240.0
3675.5
0.52
11
西安
9
294.0
12109.3
7885.6
1.33
12
天津
8
286.0
4918.5
3047.2
0.55
13
苏州
8
258.5
5064.5
3106.9
0.63
14
大连
6
237.1
2560.9
1862.9
0.35
15
郑州
8
233.0
4780.7
3061.6
0.66
16
沈阳
10
216.7
4328.9
2952.4
0.64
17
长沙
7
209.1
8894.0
4726.7
1.37
18
宁波
6
186.0
3244.0
1852.6
0.56
19
合肥
5
173.3
3515.9
2344.0
0.65
20
昆明
6
165.9
2764.6
1996.8
0.54
21
福州
5
139.0
1920.4
1476.3
0.54
22
南昌
4
128.5
3206.1
1912.7
0.80
23
南宁
5
128.2
2985.8
1781.8
0.75
24
佛山
6
127.3
1479.7
1132.2
0.37
25
长春
5
111.2
2106.0
1494.4
0.61
26
无锡
4
110.8
1563.8
1064.2
0.46
27
厦门
3
98.4
2410.2
1841.5
0.79
28
济南
3
84.1
840.1
602.2
0.32
29
哈尔滨
3
78.1
2561.0
1684.3
1.06
30
贵阳
2
74.4
1266.1
993.4
0.55
31
石家庄
3
74.3
1426.3
989.4
0.62
32
徐州
3
64.1
814.3
593.2
0.41
33
绍兴
3
57.8
362.8
195.8
0.20
34
常州
2
54.0
684.4
562.1
0.41
35
温州
1
52.5
163.0
163.0
0.10
36
呼和浩特
2
49.0
610.8
495.4
0.40
37
芜湖
2
46.2
276.0
235.7
0.19
38
洛阳
2
43.5
568.0
430.4
0.42
39
昆山
2
43.0
518.6
374.6
0.39
40
南通
1
38.5
176.0
176.0
0.15
41
东莞
1
37.8
443.9
443.9
0.38
42
兰州
2
33.5
1193.4
1034.7
1.15
43
乌鲁木齐
1
26.8
376.5
376.5
0.45
44
黄石
1
26.8
28.9
28.9
0.03
45
太原
1
23.3
376.1
376.1
0.52
46
淮安
1
20.1
64.0
64.0
0.10
47
句容
1
17.3
61.1
37.0
0.11
48
嘉兴
1
13.8
23.4
23.4
0.05
49
文山
1
13.4
5.7
5.7
0.01
50
红河
1
13.4
2.0
2.0
0.01
51
天水
1
12.9
9.5
9.5
0.02
52
三亚
1
8.4
7.2
7.2
0.03