1
上海
20
825.0
32515.2
18005.5
1.31
2
北京
27
807.0
29545.0
16318.1
1.22
3
广州
18
609.8
27154.3
14586.8
1.48
4
成都
14
601.7
18156.9
10279.7
1.08
5
深圳
17
558.6
24576.1
14335.8
1.47
6
杭州
12
516.0
12023.5
7192.3
0.78
7
武汉
14
504.3
11812.8
7508.1
0.78
8
重庆
10
465.6
11497.4
7224.0
0.84
9
南京
14
448.8
8724.4
5304.6
0.65
10
青岛
8
326.3
3744.7
2605.7
0.38
11
西安
9
294.0
10725.2
6943.0
1.22
12
天津
8
286.0
4927.1
3086.2
0.57
13
沈阳
11
262.2
5166.2
3274.5
0.66
14
郑州
9
261.2
5387.6
3326.5
0.69
15
苏州
8
258.5
4600.5
2838.3
0.59
16
大连
6
237.1
1925.6
1417.4
0.27
17
长沙
7
209.1
7878.0
4201.8
1.26
18
宁波
6
186.0
3188.7
1819.9
0.57
19
合肥
5
173.3
3724.4
2356.6
0.72
20
昆明
6
165.9
2468.0
1775.8
0.50
21
福州
5
139.0
2506.4
1813.7
0.60
22
南昌
4
128.5
3332.9
2008.8
0.86
23
南宁
5
128.2
2961.6
1791.6
0.77
24
佛山
6
127.3
1385.0
1058.8
0.36
25
长春
5
111.2
1925.4
1364.2
0.58
26
无锡
4
110.8
1580.5
1078.8
0.48
27
厦门
3
98.4
2182.4
1678.2
0.74
28
济南
3
84.1
849.6
610.8
0.34
29
哈尔滨
3
81.4
2734.5
1791.3
1.12
30
贵阳
2
74.4
1103.8
871.0
0.49
31
石家庄
3
74.3
1493.2
1037.6
0.67
32
徐州
3
64.1
787.9
560.6
0.41
33
绍兴
3
57.8
334.3
186.9
0.19
34
常州
2
54.0
628.1
516.7
0.39
35
温州
1
52.5
168.6
144.2
0.11
36
呼和浩特
2
49.0
590.8
477.6
0.40
37
芜湖
2
46.2
301.5
256.2
0.22
38
洛阳
2
43.5
418.2
317.6
0.32
39
昆山
2
43.0
467.5
344.2
0.36
40
南通
1
38.5
172.6
172.6
0.15
41
东莞
1
37.8
381.9
381.9
0.34
42
兰州
2
33.5
1043.8
908.1
1.04
43
乌鲁木齐
1
26.8
339.3
339.3
0.42
44
黄石
1
26.8
36.6
36.6
0.05
45
太原
1
23.3
379.0
379.0
0.54
46
准安
1
20.1
59.5
59.5
0.10
47
句容
1
17.3
61.9
35.6
0.12
48
嘉兴
1
13.8
24.1
24.1
0.06
49
文山
1
13.4
3.0
3.0
0.01
50
红河
1
13.4
2.1
2.1
0.01
51
天水
1
12.9
7.2
7.2
0.02
52
咸阳
1
10.7
181.5
134.7
0.57
53
三亚
1
8.4
13.4
13.4
0.05