1
上海
20
825.0
31666.4
17569.7
1.24
2
北京
27
807.0
30055.8
16609.3
1.20
3
广州
18
609.8
27019.3
14458.7
1.43
4
深圳
17
558.6
23530.8
13707.7
1.36
5
成都
13
557.8
18575.2
10496.4
1.07
6
杭州
12
516.0
12876.9
7655.4
0.81
7
武汉
14
504.3
12542.5
7919.4
0.80
8
重庆
10
455.9
12034.7
7516.7
0.85
9
南京
14
448.8
9152.5
5533.1
0.66
10
青岛
8
326.3
4397.2
3053.7
0.44
11
西安
9
294.0
11486.7
7426.9
1.26
12
天津
8
286.0
5406.5
3388.1
0.61
13
沈阳
11
262.2
5370.8
3415.4
0.66
14
郑州
9
261.2
5647.2
3487.1
0.70
15
苏州
8
258.5
4626.6
2833.0
0.58
16
大连
6
237.1
2278.6
1660.2
0.31
17
长沙
7
209.1
8741.3
4675.4
1.35
18
宁波
6
186.0
3345.3
1909.8
0.58
19
合肥
5
173.3
3791.6
2505.2
0.71
20
昆明
6
165.9
2537.8
1824.8
0.49
21
福州
5
139.0
2654.8
1901.0
0.62
22
南昌
4
128.5
3842.6
2303.7
0.96
23
南宁
5
128.2
3076.5
1852.2
0.77
24
佛山
6
127.3
1407.6
1067.4
0.36
25
长春
5
111.2
2105.3
1491.8
0.61
26
无锡
4
110.8
1752.9
1190.7
0.51
27
厦门
3
98.4
2189.6
1681.5
0.72
28
济南
3
84.1
917.3
653.1
0.35
29
哈尔滨
3
81.4
2765.5
1819.9
1.10
30
贵阳
2
74.4
1148.8
904.1
0.50
31
石家庄
3
74.3
1495.3
1039.2
0.65
32
徐州
3
64.1
834.6
600.4
0.42
33
绍兴
3
57.8
404.1
214.0
0.23
34
常州
2
54.0
755.7
619.5
0.45
35
温州
1
52.5
190.6
158.3
0.12
36
呼和浩特
2
49.0
611.4
497.0
0.40
37
芜湖
2
46.2
331.4
279.9
0.23
38
洛阳
2
43.5
523.2
394.9
0.39
39
昆山
2
43.0
485.9
350.5
0.36
40
南通
1
38.5
182.3
182.3
0.15
41
东莞
1
37.8
408.0
408.0
0.35
42
兰州
2
33.5
1152.1
995.3
1.11
43
乌鲁木齐
1
26.8
378.5
378.5
0.46
44
黄石
1
26.8
38.1
38.1
0.05
45
太原
1
23.3
395.5
395.5
0.55
46
淮安
1
20.1
73.7
73.7
0.12
47
句容
1
17.3
65.4
40.1
0.12
48
嘉兴
1
13.8
33.0
33.0
0.08
49
文山
1
13.4
3.8
3.8
0.01
50
红河
1
13.4
2.3
2.3
0.01
51
天水
1
12.9
8.5
8.5
0.02
52
咸阳
1
10.7
193.0
140.1
0.58
53
三亚
1
8.4
9.8
9.8
0.04
