1
上海
20
825.0
30496.8
16869.2
1.23
2
北京
27
807.0
29083.3
15972.6
1.20
3
广州
18
609.8
25449.3
13683.9
1.39
4
深圳
17
558.6
21879.1
13161.7
1.31
5
成都
13
557.8
17711.9
10043.6
1.06
6
杭州
12
516.0
11090.1
6779.4
0.72
7
武汉
14
504.3
11533.3
7300.6
0.76
8
重庆
10
455.9
11289.7
7085.0
0.83
9
南京
14
448.8
8333.0
5029.6
0.62
10
青岛
8
323.8
4093.7
2875.1
0.42
11
西安
9
294.0
10779.5
7008.1
1.31
12
天津
8
286.0
4754.3
2970.4
0.55
13
苏州
8
258.5
4194.6
2619.5
0.55
14
大连
6
237.1
2146.4
1572.3
0.30
15
郑州
8
233.0
4879.0
3075.6
0.70
16
沈阳
10
216.7
4065.2
2765.2
0.63
17
长沙
7
209.1
7969.6
4229.8
1.27
18
宁波
6
186.0
3108.8
1774.8
0.56
19
合肥
5
168.8
3301.0
2195.3
0.65
20
昆明
6
165.9
2397.3
1726.0
0.48
21
南昌
4
128.5
3134.1
1869.0
0.81
22
南宁
5
128.2
2853.6
1719.4
0.74
23
佛山
6
127.3
1225.9
947.2
0.32
24
长春
5
111.2
1945.8
1376.9
0.59
25
无锡
4
110.8
1424.2
969.1
0.43
26
福州
4
110.7
1537.1
1162.5
0.46
27
厦门
3
98.4
2032.8
1559.4
0.69
28
济南
3
84.1
829.5
592.7
0.33
29
哈尔滨
3
78.1
2391.4
1579.0
1.02
30
贵阳
2
74.4
1102.3
865.1
0.49
31
石家庄
3
74.3
1395.2
963.3
0.63
32
徐州
3
64.1
758.4
543.8
0.39
33
常州
2
54.0
668.7
549.3
0.41
34
温州
1
52.5
109.6
109.6
0.07
35
呼和浩特
2
49.0
567.2
459.4
0.39
36
绍兴
2
47.1
279.4
153.8
0.20
37
芜湖
2
46.2
268.9
229.1
0.19
38
洛阳
2
43.5
428.7
322.5
0.33
39
昆山
2
43.0
170.9
88.6
0.39
40
南通
1
38.5
165.7
165.7
0.14
41
东莞
1
37.8
366.3
366.3
0.32
42
兰州
2
33.5
759.7
767.0
0.97
43
乌鲁木齐
1
26.8
331.7
331.7
0.41
44
黄石
1
26.8
30.2
30.2
0.04
45
太原
1
23.3
367.7
367.7
0.53
46
淮安
1
20.1
51.9
51.9
0.09
47
句容
1
17.3
57.2
34.3
0.11
48
嘉兴
1
13.8
23.3
23.3
0.06
49
文山
1
13.4
3.9
3.8
0.01
50
红河
1
13.4
2.7
2.7
0.01
51
天水
1
12.9
7.9
7.9
0.02
52
三亚
1
8.4
6.8
6.8
0.03