1
上海
20
825.0
31554.9
17452.5
1.23
2
北京
27
807.0
29482.2
16208.5
1.18
3
广州
18
609.8
26057.0
14013.3
1.38
4
深圳
17
558.6
22214.8
13256.4
1.28
5
成都
13
557.8
17794.9
10088.0
1.03
6
杭州
12
516.0
11453.7
6998.1
0.72
7
武汉
14
504.3
11722.8
7416.2
0.75
8
重庆
10
455.9
11377.0
7183.4
0.81
9
南京
14
448.8
8561.2
5160.7
0.62
10
青岛
8
323.8
4087.6
2873.4
0.41
11
天津
8
286.0
5117.6
3206.8
0.58
12
西安
8
272.4
10657.4
6930.2
1.26
13
苏州
7
254.2
4426.3
2750.4
0.56
14
大连
6
237.1
2209.6
1619.8
0.30
15
郑州
8
233.0
4883.8
3058.1
0.68
16
沈阳
10
216.7
4182.1
2844.1
0.62
17
长沙
7
209.1
7986.5
4249.1
1.23
18
宁波
6
186.0
3353.5
1915.4
0.58
19
合肥
5
168.8
3438.7
2290.7
0.66
20
昆明
6
165.9
2515.6
1812.1
0.49
21
南昌
4
128.5
3264.6
1959.1
0.82
22
南宁
5
128.2
2920.7
1759.4
0.73
23
佛山
6
127.3
1285.8
987.9
0.33
24
无锡
4
110.8
1563.4
1066.2
0.46
25
福州
4
110.7
1717.8
1292.9
0.50
26
长春
5
106.7
2012.5
1425.0
0.61
27
厦门
3
98.4
2078.2
1592.9
0.68
28
济南
3
84.1
866.1
616.3
0.33
29
哈尔滨
3
78.1
2410.9
1596.0
1.00
30
贵阳
2
74.4
1105.7
867.8
0.48
31
石家庄
3
74.3
1358.4
936.9
0.59
32
徐州
3
64.1
793.9
566.2
0.40
33
常州
2
54.0
661.7
543.91
0.40
34
温州
1
52.5
114.1
114.1
0.07
35
呼和浩特
2
49.0
608.5
492.1
0.40
36
绍兴
2
47.1
317.3
174.7
0.22
37
芜湖
2
46.2
285.4
243.2
0.20
38
洛阳
2
43.5
451.8
341.0
0.34
39
南通
1
38.5
182.3
182.3
0.15
40
东莞
1
37.8
384.8
384.8
0.33
41
乌鲁木齐
1
26.8
345.6
345.6
0.42
42
黄石
1
26.8
32.1
32.1
0.04
43
兰州
1
25.5
737.4
737.4
0.93
44
太原
1
23.3
382.0
382.0
0.53
45
淮安
1
20.1
59.1
59.1
0.09
46
句容
1
17.3
60.1
35.8
0.11
47
嘉兴
1
13.8
26.5
26.5
0.06
48
文山
1
13.4
3.7
3.7
0.01
49
红河
1
13.4
3.3
3.3
0.01
50
天水
1
12.9
8.6
8.6
0.02
51
三亚
1
8.4
7.8
7.8
0.03
52
昆山
1
6.0
151.1
77.2
0.81