1
上海
20
825.0
31559.7
17492.6
1.28
2
北京
27
807.0
30132.2
16585.6
1.24
3
广州
18
609.8
26110.7
14032.6
1.43
4
深圳
17
558.6
22547.9
13187.0
1.35
5
成都
13
557.8
18290.5
10360.9
1.09
6
杭州
12
516.0
11639.7
7115.4
0.75
7
武汉
14
504.3
12083.8
7634.6
0.80
8
重庆
10
455.9
11395.8
7198.6
0.83
9
南京
14
448.8
9078.3
5436.8
0.67
10
青岛
8
323.8
3950.3
2777.8
0.41
11
天津
8
286.0
5070.4
3171.8
0.59
12
西安
8
272.4
11115.8
7226.7
1.36
13
苏州
7
254.2
4655.0
2891.5
0.61
14
大连
6
237.1
2378.9
1737.7
0.33
15
郑州
8
233.0
5169.7
3231.4
0.74
16
沈阳
10
216.7
3979.1
2701.1
0.61
17
长沙
7
209.1
8327.0
4459.2
1.33
18
宁波
6
186.0
3368.8
1923.2
0.60
19
合肥
5
168.8
3522.0
2342.9
0.70
20
昆明
6
165.9
2540.0
1830.1
0.51
21
南昌
4
128.5
3362.6
2018.0
0.87
22
南宁
5
128.2
3126.5
1881.3
0.81
23
佛山
6
127.3
1271.4
974.8
0.33
24
无锡
4
110.8
1607.2
1090.6
0.48
25
福州
4
110.7
1717.8
1294.4
0.52
26
长春
5
106.7
1852.1
1307.6
0.58
27
厦门
3
98.4
2039.2
1564.0
0.69
28
济南
3
84.1
864.4
616.9
0.34
29
哈尔滨
3
78.1
2262.5
1492.8
0.97
30
贵阳
2
74.4
1095.2
861.0
0.49
31
石家庄
3
74.3
1419.3
981.2
0.64
32
徐州
3
64.1
819.4
583.6
0.43
33
常州
2
54.0
591.7
485.8
0.37
34
温州
1
52.5
114.2
114.2
0.07
35
呼和浩特
2
49.0
575.6
464.3
0.39
36
绍兴
2
47.1
337.1
183.3
0.24
37
芜湖
2
46.2
289.6
247.6
0.21
38
洛阳
2
43.5
578.3
432.5
0.44
39
南通
1
38.5
188.4
188.4
0.16
40
东莞
1
37.8
383.2
383.2
0.34
41
乌鲁木齐
1
26.8
334.6
334.6
0.42
42
黄石
1
26.8
32.9
32.9
0.04
43
兰州
1
25.5
723.0
723.0
0.94
44
太原
1
23.3
374.1
374.1
0.54
45
淮安
1
20.1
56.0
56.0
0.09
46
句容
1
17.3
61.0
34.4
0.12
47
嘉兴
1
13.8
26.0
26.0
0.06
48
文山
1
13.4
4.6
4.5
0.01
49
红河
1
13.4
3.1
3.1
0.01
50
天水
1
12.9
8.3
8.3
0.02
51
三亚
1
8.4
10.8
10.8
0.04
52
昆山
1
6.0
151.7
76.3
0.84