1
上海
19
766.0
31317.6
17505.9
2
北京
24
727.0
27986.5
14891.0
3
成都
13
557.8
16128.4
9196.9
4
广州
16
531.7
13466.6
7545.3
5
深圳
12
422.6
16172.5
9994.5
6
武汉
12
409.1
9235.0
6110.8
7
南京
12
394.7
8386.9
4809.7
8
重庆
9
369.5
9668.1
6437.3
9
杭州
8
323.4
7634.6
5083.1
10
青岛
7
254.8
2190.6
1624.3
11
苏州
7
254.2
3461.3
2247.3
12
西安
8
252.6
9678.4
6243.5
13
天津
6
231.0
4032.9
2657.0
14
沈阳
10
216.7
3498.9
2391.0
15
郑州
7
206.4
4868.2
3142.3
16
长沙
6
157.9
5457.7
3100.9
17
大连
4
157.9
1475.2
1187.9
18
宁波
5
154.4
2187.3
1298.2
19
昆明
5
139.4
1934.0
1439.7
20
合肥
4
112.5
2266.7
1628.5
21
南宁
4
105.3
2366.6
1568.7
22
长春
5
100.1
1849.5
1224.8
23
厦门
3
98.4
1377.8
1128.9
24
南昌
3
88.9
2232.8
1449.4
25
无锡
3
87.1
1340.6
1014.1
26
济南
3
84.1
569.1
423.3
27
贵阳
2
74.4
920.1
745.7
28
石家庄
3
74.3
1011.4
722.7
29
徐州
3
64.1
519.9
422.3
30
福州
2
58.5
1002.0
842.8
31
常州
2
54.0
397.4
390.2
32
温州
1
52.5
79.6
79.6
33
呼和浩特
2
49.0
470.6
381.8
34
海宁
1
43.3
2.6
2.1
35
东莞
1
37.8
239.1
239.1
36
哈尔滨
2
30.3
668.2
560.9
37
佛山
2
28.1
225.8
225.8
38
乌鲁木齐
1
26.8
286.4
286.4
39
兰州
1
25.5
620.1
620.1
40
洛阳
1
25.3
142.3
142.3
41
太原
1
23.3
331.0
331.0
42
绍兴
1
20.3
12.3
8.0
43
淮安
1
20.1
58.7
58.7
44
天水
1
12.9
7.9
7.9
45
嘉兴
1
10.6
14.0
14.0
46
三亚
1
8.4
6.1
6.1
47
昆山
1
6.0
164.5
83.8