1
上海
19
766.0
20307.4
11466.1
2
北京
24
727.0
15734.9
8467.6
3
成都
13
557.8
10326.0
5977.1
4
广州
16
531.7
16958.7
9532.7
5
深圳
12
422.6
12652.3
7878.3
6
武汉
12
409.1
5354.5
3585.4
7
南京
12
394.7
5534.6
3228.3
8
重庆
9
369.5
6748.7
4565.9
9
杭州
7
306.3
4727.9
3196.1
10
青岛
7
254.8
1345.9
1012.4
11
西安
8
239.0
6065.1
3984.5
12
天津
6
231.0
2655.5
1731.4
13
沈阳
10
216.7
2043.8
1415.7
14
苏州
6
210.2
2395.6
1607.3
15
郑州
7
206.4
2855.4
1880.6
16
长沙
6
157.9
3023.2
1759.0
17
大连
4
157.9
872.4
709.9
18
宁波
5
154.4
1673.4
993.2
19
昆明
5
139.4
1290.9
972.6
20
合肥
4
112.5
1586.1
1165.0
21
南宁
4
105.3
1402.5
920.2
22
长春
5
100.1
613.1
414.5
23
南昌
3
88.9
1591.6
1053.5
24
无锡
3
87.1
1217.5
943.6
25
厦门
2
71.6
1066.7
878.8
26
石家庄
3
59.0
174.5
128.7
27
福州
2
58.5
832.4
704.1
28
温州
1
52.5
53.1
53.1
29
呼和浩特
2
49.0
337.0
273.0
30
济南
2
47.7
75.8
75.8
31
徐州
2
46.0
414.5
359.0
32
东莞
1
37.8
266.8
266.8
33
贵阳
1
34.8
257.9
257.9
34
常州
1
34.2
195.9
195.9
35
哈尔滨
2
30.3
189.0
158.3
36
佛山
2
28.0
333.8
333.8
37
乌鲁木齐
1
26.8
208.0
208.0
38
兰州
1
25.5
411.9
411.9
39
太原
1
23.6
259.7
259.7
40
淮安
1
20.1
63.7
63.7
41
天水
1
12.9
8.1
8.1
42
珠海
1
8.4
0.0
0.0
43
三亚
1
8.4
13.0
13.0
44
昆山
1
6.0
100.6
51.2