1
上海
20
825.0
31676.7
17691.4
2
北京
27
783.0
27200.6
14864.2
3
广州
17
590.0
24847.3
13652.6
4
成都
13
557.8
16151.2
9186.5
5
武汉
14
478.6
9781.5
6476.5
6
深圳
13
431.0
19918.0
12212.0
7
南京
13
409.7
7776.5
4444.4
8
重庆
9
369.5
9593.4
6382.5
9
杭州
9
342.0
6518.3
4178.7
10
青岛
7
293.1
2130.3
1603.4
11
天津
7
265.0
4250.6
2722.2
12
苏州
7
254.2
3423.7
2155.7
13
西安
8
252.6
5297.3
3402.2
14
沈阳
10
216.7
3702.1
2528.3
15
郑州
7
206.4
4100.7
2656.5
16
大连
5
201.0
1297.3
1049.9
17
宁波
6
182.3
1857.8
1089.5
18
长沙
6
161.6
5309.1
3000.2
19
合肥
5
153.6
2514.9
1801.9
20
昆明
5
139.4
1787.5
1339.2
21
南昌
4
128.5
2503.0
1607.7
22
南宁
5
128.2
2530.2
1601.3
23
无锡
4
110.8
1316.4
1010.9
24
长春
5
104.5
1815.0
1166.3
25
厦门
3
98.4
1796.0
1386.3
26
济南
3
84.1
625.1
465.1
27
哈尔滨
3
78.1
792.1
543.9
28
贵阳
2
74.4
977.7
778.8
29
石家庄
3
74.3
940.1
682.6
30
佛山
4
69.9
527.1
521.0
31
徐州
3
64.1
717.6
506.7
32
福州
2
58.4
1090.7
927.8
33
常州
2
54.0
545.7
430.8
34
温州
1
52.5
71.0
71.0
35
呼和浩特
2
49.0
525.9
422.3
36
嘉兴（海宁)
1
46.4
59.2
50.6
37
芜湖
2
46.2
155.9
148.6
38
洛阳
2
43.5
167.0
149.9
39
东莞
1
37.8
300.1
300.1
40
乌鲁木齐
1
26.8
279.3
279.3
41
兰州
1
25.5
538.0
538.0
42
太原
1
23.3
356.5
356.5
43
绍兴
1
20.3
35.6
24.4
44
淮安
1
20.1
55.0
55.0
45
镇江(句容)
1
17.3
7.2
5.9
46
文山
1
13.4
1.9
1.8
47
天水
1
12.9
5.8
1.5
48
嘉兴
1
10.6
6.2
6.2
49
三亚
1
8.4
11.4
11.4
50
苏州（昆山)
1
6.0
158.6
80.5