1
上海
19
766.0
31285.4
17524.5
2
北京
24
727.0
28192.1
14991.2
3
成都
13
557.8
16476.7
9311.6
4
广州
16
531.7
26407.5
13640.2
5
深圳
12
422.6
18920.1
11307.0
6
武汉
12
409.1
9702.8
6418.5
7
南京
12
394.7
8822.2
5086.2
8
重庆
9
369.5
10243.0
6835.0
9
杭州
7
306.3
8025.2
5358.2
10
青岛
7
254.8
2332.7
1685.5
11
西安
8
239.0
10568.5
6831.7
12
天津
6
231.0
4288.9
2828.2
13
沈阳
10
219.6
3407.8
2332.7
14
苏州
6
210.2
3727.0
2410.3
15
郑州
7
206.4
5088.1
3278.1
16
长沙
6
157.9
5830.3
3318.3
17
大连
4
157.9
1513.6
1219.2
18
宁波
5
154.4
2353.2
1395.7
19
昆明
5
139.4
2013.5
1499.7
20
合肥
4
112.5
2244.6
1618.0
21
南宁
4
105.3
2619.1
1742.2
22
长春
5
100.1
1873.1
1226.7
23
南昌
3
88.9
2412.5
1569.6
24
无锡
3
87.1
1359.3
1069.2
25
济南
3
84.1
636.0
471.1
26
贵阳
2
74.4
911.6
775.3
27
石家庄
3
74.3
1042.3
744.6
28
厦门
2
71.6
1509.9
1251.6
29
福州
2
58.5
1060.2
891.7
30
温州
1
52.5
92.9
92.9
31
呼和浩特
2
49.0
509.5
412.6
32
徐州
2
46.0
515.2
435.8
33
东莞
1
37.8
400.0
400.0
34
常州
1
34.2
390.3
390.3
35
哈尔滨
2
30.3
710.1
594.3
36
佛山
2
28.1
447.1
447.1
37
乌鲁木齐
1
26.8
275.3
275.3
38
兰州
1
25.5
671.5
671.5
39
洛阳
1
25.3
195.8
195.8
40
太原
1
23.6
353.1
353.1
41
淮安
1
20.1
67.3
67.3
42
天水
1
12.9
9.3
9.3
43
三亚
1
8.4
8.6
8.6
44
昆山
1
6.0
168.3
85.4