1
上海
19
766.0
31482.3
17593.3
2
北京
24
727.0
30427.5
16159.8
3
成都
13
557.8
17122.7
9768.3
4
广州
16
531.7
23582.9
12949.2
5
深圳
12
422.6
18961.8
11724.9
6
武汉
12
409.1
9344.5
6190.3
7
南京
12
394.7
6873.8
3978.9
8
重庆
9
369.5
10171.4
6765.1
9
杭州
9
324.0
8426.0
5422.8
10
青岛
7
254.8
2511.2
1867.8
11
苏州
7
254.2
3792.7
2421.0
12
西安
8
252.6
10356.0
6658.9
13
天津
6
231.0
4042.8
2646.7
14
沈阳
10
216.7
3707.1
2539.7
15
郑州
7
206.4
3192.9
2614.5
16
长沙
6
157.9
6049.5
3434.7
17
大连
4
157.9
1586.8
1278.8
18
宁波
5
154.4
2236.4
1326.9
19
昆明
5
139.4
2125.1
1589.4
20
合肥
4
112.5
2343.3
1693.6
21
南宁
4
105.3
2704.2
1773.5
22
长春
5
100.1
1936.5
1286.2
23
厦门
3
98.4
1873.6
1456.4
24
南昌
3
88.9
2227.6
1431.9
25
无锡
3
87.1
1304.7
1007.4
26
济南
3
84.1
568.9
428.4
27
贵阳
2
74.4
1080.2
867.3
28
石家庄
3
74.3
1045.1
744.5
29
徐州
3
64.1
740.6
529.9
30
福州
2
58.4
1056.9
889.9
31
常州
2
54.0
551.9
439.8
32
温州
1
52.5
85.6
85.6
33
呼和浩特
2
49.0
490.0
395.0
34
海宁
1
46.4
115.0
85.4
35
东莞
1
37.8
355.3
355.3
36
哈尔滨
2
30.3
694.9
577.6
37
佛山
2
28.1
431.5
431.5
38
乌鲁木齐
1
26.8
294.5
294.5
39
兰州
1
25.5
660.8
660.8
40
洛阳
1
25.3
145.3
145.3
41
太原
1
23.3
345.8
345.8
42
绍兴
1
20.3
100.9
62.8
43
淮安
1
20.1
53.7
53.7
44
天水
1
12.9
8.0
8.0
45
嘉兴
1
10.6
25.6
25.6
46
三亚
1
8.4
6.7
6.7
47
昆山
1
6.0
165.6
84.3