1
上海
19
766.0
32309.8
18086.7
2
北京
24
727.0
27552.0
14709.5
3
成都
13
557.8
16546.1
9483.2
4
广州
16
531.7
27098.5
14838.1
5
深圳
12
422.6
19730.6
12202.7
6
武汉
12
409.1
9500.0
6313.3
7
南京
12
394.7
9049.0
5207.4
8
重庆
9
369.5
10032.7
6727.7
9
杭州
7
306.3
7861.6
5287.9
10
青岛
7
254.8
2030.7
1510.6
11
西安
8
239.0
10133.2
6596.3
12
天津
6
231.0
4063.4
2567.5
13
沈阳
10
219.6
3517.9
2416.0
14
苏州
6
210.2
3535.9
2297.8
15
郑州
7
206.4
4616.8
3009.0
16
长沙
6
157.9
5240.8
3009.4
17
大连
4
157.9
1447.0
1167.1
18
宁波
5
154.4
2307.4
1369.4
19
昆明
5
139.4
2019.1
1516.7
20
合肥
4
112.5
2516.6
1819.4
21
南宁
4
105.3
2543.6
1701.5
22
长春
5
100.1
1500.4
1017.0
23
南昌
3
88.9
2276.9
1503.9
24
无锡
3
87.1
1475.5
1146.9
25
济南
3
84.1
232.3
199.2
26
厦门
2
71.6
1313.3
1093.7
27
石家庄
3
59.0
852.3
614.5
28
福州
2
58.5
1081.5
917.1
29
温州
1
52.5
80.8
80.8
30
呼和浩特
2
49.0
492.0
398.0
31
徐州
2
46.0
490.5
417.8
32
东莞
1
37.8
372.7
372.7
33
贵阳
1
34.8
383.0
383.0
34
常州
1
34.2
286.8
286.8
35
哈尔滨
2
30.3
587.2
491.8
36
佛山
2
28.0
489.6
489.6
37
乌鲁木齐
1
26.8
249.0
249.0
38
兰州
1
25.5
605.7
605.7
39
洛阳
1
25.3
33.7
33.7
40
太原
1
23.6
344.1
344.1
41
淮安
1
20.1
64.8
64.8
42
天水
1
12.9
8.4
8.4
43
三亚
1
8.4
13.6
13.6
44
昆山
1
6.0
166.2
84.5