1
上海
19
766.0
29808.3
16648.0
2
北京
24
727.0
25111.1
13667.2
3
广州
17
590.0
24870.1
13474.1
4
成都
13
557.8
15963.7
9075.7
5
深圳
12
422.6
18267.9
11152.4
6
武汉
12
409.1
9231.4
6109.7
7
南京
12
394.7
7506.9
4265.8
8
重庆
9
369.5
9799.8
6536.9
9
杭州
9
333.0
8406.3
5298.4
10
青岛
7
254.8
2289.1
1682.2
11
苏州
7
254.2
3636.7
2303.6
12
西安
8
252.6
8272.2
5313.7
13
天津
6
231.0
4041.3
2645.0
14
沈阳
10
216.7
3604.9
2457.9
15
郑州
7
206.4
3923.8
3531.4
16
长沙
6
161.6
5088.2
2885.4
17
大连
4
157.9
1499.0
1205.8
18
宁波
5
154.4
2339.0
1388.2
19
昆明
5
139.4
1906.2
1417.1
20
合肥
4
112.5
2446.0
1753.5
21
南宁
4
105.3
2670.1
1754.6
22
长春
5
104.5
1686.5
1083.2
23
厦门
3
98.4
1341.7
1036.5
24
南昌
3
88.9
2439.4
1582.9
25
无锡
3
87.1
1120.9
874.7
26
济南
3
84.1
556.9
423.4
27
贵阳
2
74.4
904.9
721.6
28
石家庄
3
74.3
792.0
571.8
29
徐州
3
64.1
700.4
506.0
30
哈尔滨
3
58.5
764.8
588.9
31
福州
2
58.4
907.8
767.5
32
常州
2
54.0
580.3
455.8
33
温州
1
52.5
90.5
90.5
34
呼和浩特
2
49.0
408.9
329.2
35
海宁
1
46.4
93.5
74.1
36
东莞
1
37.8
378.4
378.4
37
佛山
3
37.5
479.5
479.5
38
乌鲁木齐
1
26.8
228.8
228.8
39
兰州
1
25.5
431.7
431.7
40
洛阳
1
25.3
138.0
138.0
41
太原
1
23.3
332.9
332.9
42
绍兴
1
20.3
80.6
50.1
43
淮安
1
20.1
54.0
54.0
44
文山
1
13.4
1.2
1.2
45
天水
1
12.9
6.5
6.5
46
嘉兴
1
10.6
13.9
13.9
47
三亚
1
8.4
6.7
6.7
48
昆山
1
6.0
157.6
79.9