1
上海
19
766.0
31898.0
17840.4
2
北京
24
727.0
29287.9
15583.1
3
成都
13
557.8
16779.2
9469.9
4
广州
16
531.7
26380.7
14409.9
5
深圳
12
422.6
19218.9
11916.1
6
武汉
12
409.1
9620.1
6368.6
7
南京
12
394.7
9258.9
5324.9
8
重庆
9
369.5
9983.6
6687.6
9
杭州
7
306.3
8056.4
5395.2
10
青岛
7
254.8
2127.6
1575.0
11
西安
8
239.0
10415.7
6733.4
12
天津
6
231.0
4197.2
2766.5
13
沈阳
10
219.6
3705.2
2531.4
14
苏州
6
210.2
3677.5
2381.4
15
郑州
7
206.4
5189.1
3349.0
16
长沙
6
157.9
5540.7
3160.1
17
大连
4
157.9
1537.6
1231.4
18
宁波
5
154.4
2336.9
1386.4
19
昆明
5
139.4
1922.2
1438.9
20
合肥
4
112.5
2529.3
1820.7
21
南宁
4
105.3
2556.3
1712.6
22
长春
5
100.1
1758.4
1154.8
23
南昌
3
88.9
2321.3
1517.3
24
无锡
3
87.1
1379.8
1084.5
25
济南
3
84.1
639.5
472.1
26
贵阳
2
74.4
425.5
405.2
27
石家庄
3
74.3
1013.4
726.6
28
厦门
2
71.6
1326.0
1107.5
29
福州
2
58.5
1080.2
912.2
30
温州
1
52.5
89.5
89.5
31
呼和浩特
2
49.0
491.6
397.5
32
徐州
2
46.0
496.5
422.0
33
东莞
1
37.8
381.0
381.0
34
常州
1
34.2
337.2
337.2
35
哈尔滨
2
30.3
684.9
572.0
36
佛山
2
28.1
472.5
472.5
37
乌鲁木齐
1
26.8
254.2
254.2
38
兰州
1
25.5
616.3
616.3
39
洛阳
1
25.3
262.1
262.1
40
太原
1
23.6
336.5
336.5
41
淮安
1
20.1
64.0
64.0
42
天水
1
12.9
8.3
8.3
43
三亚
1
8.4
10.5
10.5
44
昆山
1
8.4
166.0
83.7