1
上海
19
766.0
26690.3
15070.0
2
北京
24
727.0
19873.3
10677.6
3
成都
13
557.8
13404.7
7744.8
4
广州
16
531.7
24460.1
13462.2
5
深圳
12
422.6
17901.1
11138.5
6
武汉
12
409.1
7302.8
4891.4
7
南京
12
394.7
7729.6
4458.6
8
重庆
9
369.5
8701.7
5781.1
9
杭州
7
306.3
6460.6
4378.0
10
青岛
7
254.8
1667.7
1260.6
11
西安
8
239.0
7499.6
4920.7
12
天津
6
231.0
3292.1
2141.0
13
沈阳
10
211.5
1514.8
1055.1
14
苏州
6
210.1
3092.9
2027.2
15
郑州
7
206.4
4046.1
2664.0
16
长沙
6
157.9
4452.8
2564.5
17
大连
4
157.9
869.1
710.1
18
宁波
5
154.4
2080.1
1234.7
19
昆明
5
139.4
1773.0
1331.8
20
合肥
4
112.5
2234.1
1627.7
21
南宁
4
105.3
2203.7
1461.7
22
长春
5
100.1
1360.2
927.5
23
南昌
3
88.9
2067.7
1375.8
24
无锡
3
87.1
1306.1
1008.9
25
厦门
2
71.9
1208.4
999.3
26
石家庄
3
59.0
141.7
101.1
27
福州
2
58.5
1058.7
883.2
28
温州
1
52.5
71.5
71.5
29
呼和浩特
2
49.0
448.4
362.8
30
济南
2
47.7
107.0
107.0
31
徐州
2
46.0
475.2
403.6
32
东莞
1
37.8
340.1
340.1
33
贵阳
1
34.8
346.5
346.5
34
常州
1
34.2
244.2
244.2
35
哈尔滨
2
30.3
351.0
300.6
36
佛山
2
28.0
466.1
466.1
37
乌鲁木齐
1
26.8
218.6
218.6
38
兰州
1
25.5
541.7
541.7
39
太原
1
23.6
286.7
295.6
40
淮安
1
21.1
67.8
67.8
41
天水
1
12.9
6.9
6.9
42
珠海
1
8.4
5.9
5.9
43
三亚
1
8.4
13.4
13.4
44
昆山
1
6.0
135.2
65.5