1
上海
19
766.0
29788.6
16619.0
2
北京
24
727.0
27214.4
14754.1
3
广州
17
590.0
24086.5
13101.0
4
成都
13
557.8
15896.7
9025.9
5
深圳
12
422.6
18879.8
11575.3
6
武汉
12
409.1
8425.1
5579.4
7
南京
12
394.7
6449.0
3682.1
8
重庆
9
369.5
9223.1
6162.0
9
杭州
9
333.0
8061.4
5087.5
10
青岛
7
254.8
2149.8
1588.1
11
苏州
7
254.2
3390.1
2159.1
12
西安
8
252.6
8810.4
5647.6
13
天津
6
231.0
3903.7
2569.5
14
沈阳
10
216.7
3444.8
2367.9
15
郑州
7
206.4
1737.9
1146.2
16
长沙
6
161.6
4866.1
2746.8
17
大连
4
157.9
1433.3
1155.6
18
宁波
5
154.4
2144.1
1272.8
19
昆明
5
139.4
1804.8
1346.3
20
合肥
4
112.5
2158.9
1552.0
21
南宁
4
105.3
2409.8
1586.7
22
长春
5
100.1
1821.6
1171.1
23
厦门
3
98.4
1064.6
827.4
24
南昌
3
88.9
2101.9
1363.2
25
无锡
3
87.1
973.9
759.8
26
济南
3
84.1
543.4
406.0
27
贵阳
2
74.4
950.3
759.6
28
石家庄
3
74.3
859.8
618.6
29
徐州
3
64.1
557.5
404.3
30
哈尔滨
3
58.5
593.0
488.1
31
福州
2
58.4
802.1
682.2
32
常州
2
54.0
467.1
370.6
33
温州
1
52.5
81.4
81.4
34
呼和浩特
2
49.0
441.0
357.3
35
海宁
1
46.4
74.3
59.8
36
东莞
1
37.8
342.3
342.3
37
佛山
3
37.5
458.7
458.7
38
乌鲁木齐
1
26.8
273.5
273.5
39
兰州
1
25.5
598.7
598.7
40
洛阳
1
25.3
96.0
96.0
41
太原
1
23.3
318.2
318.2
42
绍兴
1
20.3
66.0
41.6
43
淮安
1
20.1
45.5
45.5
44
天水
1
12.9
6.5
6.5
45
嘉兴
1
10.6
13.8
13.8
46
三亚
1
8.4
5.2
5.2
47
昆山
1
6.0
155.6
78.9