1
上海
19
766.0
30893.0
17215.0
2
北京
24
727.0
24102.6
13194.0
3
广州
17
590.0
25548.6
13923.7
4
成都
13
557.8
11571.6
6627.2
5
深圳
12
422.6
19314.4
11819.9
6
武汉
12
409.1
9063.4
6013.7
7
南京
12
394.7
7557.0
4290.4
8
重庆
9
369.5
7772.6
5205.2
9
杭州
9
342.0
7975.3
5071.7
10
青岛
7
254.8
2022.3
1509.5
11
苏州
7
254.2
3814.4
2412.7
12
西安
8
252.6
8216.6
5251.1
13
天津
6
231.0
4111.1
2667.1
14
沈阳
10
216.7
3778.5
2561.2
15
郑州
7
206.4
3025.8
1981.5
16
长沙
6
161.6
4755.2
2695.1
17
大连
4
157.9
754.4
611.5
18
宁波
5
154.4
2227.5
1321.9
19
昆明
5
139.4
1802.4
1348.6
20
合肥
4
112.5
2298.6
1651.9
21
南宁
4
105.3
2489.3
1640.0
22
长春
5
104.5
1857.1
1194.9
23
厦门
3
98.4
1682.7
1300.6
24
南昌
3
88.9
1959.9
1293.1
25
无锡
3
87.1
1045.4
813.4
26
济南
3
84.1
591.6
446.3
27
哈尔滨
3
78.1
718.2
552.9
28
贵阳
2
74.4
904.0
722.1
29
石家庄
3
74.3
632.8
469.4
30
徐州
3
64.1
571.7
407.7
31
福州
2
58.4
1014.7
861.1
32
常州
2
54.0
399.6
316.1
33
温州
1
52.5
77.3
77.3
34
呼和浩特
2
49.0
384.4
308.6
35
海宁
1
46.4
80.6
65.5
36
东莞
1
37.8
348.2
348.2
37
佛山
3
37.5
485.8
485.8
38
乌鲁木齐
1
26.8
250.1
250.1
39
兰州
1
25.5
167.1
167.1
40
洛阳
1
25.3
92.8
92.8
41
太原
1
23.3
322.7
322.7
42
绍兴
1
20.3
59.8
38.8
43
淮安
1
20.1
47.9
47.9
44
文山
1
13.4
1.8
1.8
45
天水
1
12.9
1.5
1.5
46
嘉兴
1
10.6
8.1
8.1
47
三亚
1
8.4
7.9
6.7
48
昆山
1
6.0
157.7
80.0