1
上海
19
766.0
28969.2
16128.3
2
北京
24
727.0
23974.7
12811.8
3
成都
13
557.8
13659.4
7769.9
4
广州
16
531.7
22921.1
12603.3
5
深圳
12
422.6
18879.8
11575.3
6
武汉
12
409.1
4766.1
3172.1
7
南京
12
394.7
3297.0
1939.3
8
重庆
9
369.5
7731.4
5143.4
9
杭州
9
324.0
7677.8
4848.1
10
青岛
7
254.8
1975.0
1478.7
11
苏州
7
254.2
2945.7
1883.8
12
西安
8
252.6
6986.6
4461.6
13
天津
6
231.0
3570.6
2330.5
14
沈阳
10
216.7
3136.7
2154.1
15
郑州
7
206.4
0.0
0.0
16
长沙
6
157.9
6049.5
3434.7
17
大连
4
157.9
1357.2
1102.5
18
宁波
5
154.4
2110.5
1253.0
19
昆明
5
139.4
1804.3
1353.1
20
合肥
4
112.5
1937.4
1400.2
21
南宁
4
105.3
2261.3
1464.6
22
长春
5
100.1
1601.8
1051.5
23
厦门
3
98.4
1439.3
1117.0
24
南昌
3
88.9
1835.7
1190.3
25
无锡
3
87.1
773.6
601.6
26
济南
3
84.1
457.4
346.0
27
贵阳
2
74.4
912.5
729.3
28
石家庄
3
74.3
696.1
511.9
29
徐州
3
64.1
433.3
313.8
30
福州
2
58.4
874.5
737.7
31
常州
2
54.0
398.7
316.4
32
温州
1
52.5
72.6
72.6
33
呼和浩特
2
49.0
378.0
305.3
34
海宁
1
46.4
53.9
42.4
35
东莞
1
37.8
350.1
350.1
36
佛山
3
37.5
456.9
456.9
37
哈尔滨
2
30.3
485.5
408.7
38
乌鲁木齐
1
26.8
243.8
243.8
39
兰州
1
25.5
551.6
551.6
40
洛阳
1
25.3
65.7
65.7
41
太原
1
23.3
303.0
303.0
42
绍兴
1
20.3
60.8
39.5
43
淮安
1
20.1
31.9
31.9
44
天水
1
12.9
7.3
7.3
45
嘉兴
1
10.6
16.3
16.3
46
三亚
1
8.4
3.9
3.9
47
昆山
1
6.0
147.5
75.5