1
上海
20
825.0
21279.4
11600.2
2
北京
27
783.0
23268.0
12677.6
3
广州
18
609.8
23704.8
12928.3
4
成都
13
557.8
14186.7
8008.4
5
武汉
14
478.6
9426.8
6025.7
6
杭州
11
450.5
9503.4
5795.5
7
重庆
10
434.6
10029.0
6529.0
8
深圳
13
431.0
16331.7
9923.5
9
南京
13
426.4
7262.5
3973.6
10
青岛
7
293.1
3001.0
2137.9
11
天津
7
265.0
3510.0
2174.8
12
苏州
7
254.2
3266.6
2018.9
13
西安
8
252.6
8206.9
5216.5
14
沈阳
10
216.7
3509.4
2361.3
15
郑州
7
215.4
3315.3
2133.7
16
长沙
7
209.1
6846.6
4308.3
17
大连
5
201.0
1569.0
1240.7
18
宁波
6
182.3
2467.3
1406.4
19
昆明
6
165.9
2450.8
1789.8
20
合肥
5
153.6
2623.0
1772.3
21
南昌
4
128.5
1916.0
1107.7
22
南宁
5
128.2
2748.1
1628.5
23
无锡
4
110.8
641.0
441.2
24
长春
5
106.7
1591.2
1118.6
25
厦门
3
98.4
2021.4
1545.8
26
济南
3
84.1
582.9
430.6
27
佛山
5
81.7
787.4
692.0
28
福州
3
80.0
1247.7
983.7
29
哈尔滨
3
78.1
1915.3
1268.2
30
贵阳
2
74.4
1095.9
865.3
31
石家庄
3
74.3
1089.0
800.4
32
徐州
3
64.1
490.8
349.5
33
常州
2
54.0
411.8
338.1
34
温州
1
52.5
83.4
83.4
35
呼和浩特
2
49.0
470.6
379.5
36
绍兴
2
47.1
363.1
251.1
37
芜湖
2
46.2
211.6
177.8
38
洛阳
2
43.5
336.9
255.9
39
东莞
1
37.8
366.0
366.0
40
乌鲁木齐
1
26.8
260.5
260.5
41
兰州
1
25.5
186.9
186.9
42
太原
1
23.3
315.0
315.0
43
淮安
1
20.1
52.6
52.6
44
句容
1
17.3
42.7
22.6
45
嘉兴
1
13.8
12.4
12.4
46
文山
1
13.4
6.8
6.5
47
天水
1
12.9
3.7
3.7
48
三亚
1
8.4
5.6
5.6
49
昆山
1
6.0
81.9
41.3