1
上海
20
825.0
25440.9
13901.1
2
北京
27
783.0
25633.1
13973.0
3
广州
18
609.8
24223.4
13196.8
4
成都
13
557.8
12654.2
7136.4
5
武汉
14
478.6
8618.4
5502.2
6
杭州
11
450.5
9453.7
5758.5
7
重庆
10
434.6
6576.1
4300.1
8
深圳
13
431.0
17130.2
10370.1
9
南京
13
426.4
7380.2
4015.9
10
青岛
7
293.1
3304.5
2346.7
11
天津
7
265.0
3454.7
2148.6
12
苏州
7
254.2
3582.0
2227.4
13
西安
8
252.6
7352.0
4666.6
14
沈阳
10
216.7
3308.3
2234.2
15
郑州
7
215.4
3367.6
2172.8
16
长沙
7
209.1
6557.4
3474.2
17
大连
5
201.0
1445.2
1141.9
18
宁波
6
182.3
2470.3
1408.1
19
昆明
6
165.9
2086.1
1525.1
20
合肥
5
153.6
2713.3
1833.0
21
南昌
4
128.5
2062.8
1186.8
22
南宁
5
128.2
2475.3
1468.7
23
无锡
4
110.8
1124.2
767.8
24
福州
4
110.7
1285.8
1003.9
25
长春
5
106.7
1703.8
1204.2
26
厦门
3
98.4
1603.7
1230.4
27
济南
3
84.1
603.2
443.6
28
佛山
5
81.7
831.9
758.3
29
哈尔滨
3
78.1
1778.4
1178.3
30
贵阳
2
74.4
1088.2
858.4
31
石家庄
3
74.3
843.6
613.2
32
徐州
3
64.1
635.1
453.8
33
常州
2
54.0
405.9
332.2
34
温州
1
52.5
73.6
73.6
35
呼和浩特
2
49.0
427.1
344.3
36
绍兴
2
47.1
351.1
245.3
37
芜湖
2
46.2
202.5
176.1
38
洛阳
2
43.5
334.5
253.8
39
东莞
1
37.8
342.3
342.3
40
乌鲁木齐
1
26.8
67.5
67.5
41
兰州
1
25.5
210.7
210.7
42
太原
1
23.3
308.0
308.0
43
淮安
1
20.1
49.1
49.1
44
句容
1
17.3
43.1
26.2
45
嘉兴
1
13.8
12.1
12.1
46
文山
1
13.4
5.0
4.9
47
天水
1
12.9
6.4
6.4
48
三亚
1
8.4
0.4
0.4
49
昆山
1
6.0
112.6
57.1
