181
上海
20
825.0
24774.6
13612.2
2
北京
27
783.0
20904.2
11476.8
3
广州
18
609.8
20113.7
11015.6
4
成都
13
557.8
13571.5
7670.9
5
杭州
12
516.0
9288.8
5659.6
6
深圳
14
482.7
14978.5
8673.9
7
武汉
14
478.6
6407.1
4102.2
8
重庆
10
434.6
7939.9
5143.4
9
南京
13
428.5
6180.2
3364.8
10
青岛
7
293.1
2734.6
1945.0
11
天津
7
265.0
2751.4
1726.1
12
苏州
7
254.2
3197.7
1969.7
13
西安
8
252.6
5368.1
3394.6
14
郑州
8
233.0
1549.2
964.5
15
沈阳
10
216.7
2780.5
1877.7
16
大连
5
212.6
1246.6
980.8
17
长沙
7
209.1
5296.8
2826.1
18
宁波
6
182.3
2193.8
1251.8
19
昆明
6
165.9
1282.3
941.1
20
合肥
5
153.6
1672.9
1136.1
21
南昌
4
128.5
2520.6
1529.3
22
南宁
5
128.2
2191.6
1312.2
23
无锡
4
110.8
1149.2
784.6
24
福州
4
110.7
1261.2
956.0
25
长春
5
106.7
1188.3
848.3
26
厦门
3
98.4
1783.5
1368.0
27
济南
3
84.1
540.7
396.6
28
佛山
5
81.7
708.4
618.7
29
哈尔滨
3
78.1
1220.3
821.2
30
贵阳
2
74.4
604.9
482.9
31
石家庄
3
74.3
687.3
512.0
32
徐州
3
64.1
366.7
260.3
33
常州
2
54.0
450.5
369.8
34
温州
1
52.5
75.3
75.3
35
呼和浩特
2
49.0
8.3
6.9
36
绍兴
2
47.1
277.7
164.9
37
芜湖
2
46.2
212.3
186.4
38
洛阳
2
43.5
157.8
120.8
39
东莞
1
37.8
284.5
284.5
40
乌鲁木齐
1
26.8
0.0
0.0
41
兰州
1
25.5
106.3
106.3
42
太原
1
23.3
218.0
218.0
43
淮安
1
20.1
52.5
52.5
44
句容
1
17.3
36.5
19.9
45
嘉兴
1
13.8
13.7
13.7
46
文山
1
13.4
2.3
2.2
47
天水
1
12.9
5.3
5.3
48
三亚
1
8.4
3.8
3.8
49
昆山
1
6.0
112.4
56.8