1
上海
20
825.0
27111.1
14857.5
2
北京
27
783.0
14389.7
7918.0
3
广州
18
609.8
8586.6
4801.3
4
成都
13
557.8
12880.6
7273.4
5
深圳
16
529.4
17350.0
10251.6
6
杭州
12
516.0
9238.4
5624.8
7
武汉
14
478.6
4412.6
2829.3
8
重庆
10
434.6
2240.6
1434.8
9
南京
13
428.5
5824.6
3203.9
10
青岛
7
293.1
1792.3
1290.3
11
天津
8
286.0
2915.3
1821.5
12
苏州
7
254.2
3432.4
2117.1
13
西安
8
252.6
5009.8
3164.0
14
郑州
8
233.0
131.2
98.6
15
沈阳
10
216.7
2493.3
1688.0
16
大连
5
212.6
1250.0
985.0
17
长沙
7
209.1
4825.3
2588.7
18
宁波
6
182.3
2104.6
1201.0
19
昆明
6
165.9
1189.4
871.0
20
合肥
5
153.6
1775.3
1207.4
21
南昌
4
128.5
2147.1
1306.4
22
南宁
5
128.2
2144.3
1293.4
23
无锡
4
110.8
1125.8
768.9
24
福州
4
110.7
301.1
251.0
25
长春
5
106.7
1281.6
910.8
26
厦门
3
98.4
1785.1
1369.4
27
佛山
5
86.6
533.7
463.3
28
济南
3
84.1
370.9
274.9
29
哈尔滨
3
78.1
556.4
385.1
30
贵阳
2
74.4
752.8
599.8
31
石家庄
3
74.3
145.7
109.8
32
徐州
3
64.1
431.0
301.1
33
常州
2
54.0
400.0
328.3
34
温州
1
52.5
65.2
65.2
35
呼和浩特
2
49.0
2.6
2.4
36
绍兴
2
47.1
215.9
126.0
37
芜湖
2
46.2
171.0
150.3
38
洛阳
2
43.5
40.1
31.1
39
南通
1
38.5
77.0
77.0
40
东莞
1
37.8
216.8
216.8
41
乌鲁木齐
1
26.8
0.000001
0.000001
42
兰州
1
25.5
2.1
2.1
43
太原
1
23.3
147.3
147.3
44
淮安
1
20.1
36.8
36.8
45
句容
1
17.3
35.1
17.8
46
嘉兴
1
13.8
11.2
11.2
47
文山
1
13.4
1.2
1.2
48
天水
1
12.9
1.1
1.1
49
三亚
1
8.4
4.8
4.8
50
昆山
1
6.0
116.7
59.2