1
上海
20
825.0
14862.9
8276.0
2
北京
27
783.0
24722.7
13616.2
3
广州
18
608.2
21781.1
12024.6
4
成都
13
557.8
15749.2
8933.9
5
武汉
14
478.6
7622.1
4936.2
6
深圳
13
431.0
8590.6
5259.3
7
南京
13
426.4
5566.7
3126.7
8
重庆
10
401.8
8822.6
5894.7
9
杭州
11
401.0
8335.7
5180.9
10
青岛
7
293.1
1478.1
1093.7
11
天津
7
265.0
2538.3
1602.6
12
苏州
7
254.2
1936.2
1236.4
13
西安
8
252.6
6642.9
4234.6
14
沈阳
10
216.7
1813.9
1241.0
15
郑州
7
206.4
3748.6
2416.4
16
大连
5
201.0
1054.6
837.9
17
宁波
6
182.3
2555.1
1459.4
18
长沙
6
161.6
3890.2
2228.8
19
合肥
5
153.6
2524.3
1725.5
20
昆明
5
139.4
1350.2
1027.4
21
南昌
4
128.5
1842.9
1111.6
22
南宁
5
128.2
2282.7
1370.3
23
无锡
4
110.8
1157.2
824.5
24
长春
5
106.7
445.2
316.7
25
厦门
3
98.4
1482.8
1145.9
26
济南
3
84.1
539.2
403.8
27
哈尔滨
3
78.1
859.9
585.3
28
贵阳
2
74.4
957.4
762.5
29
石家庄
3
74.3
860.7
640.5
30
佛山
4
69.9
628.4
586.1
31
徐州
3
64.1
585.8
415.8
32
福州
2
58.4
853.7
731.1
33
常州
2
54.0
271.5
222.9
34
温州
1
52.5
52.2
52.2
35
呼和浩特
2
49.0
67.7
56.6
36
芜湖
2
46.2
212.5
167.6
37
洛阳
2
43.5
278.1
213.2
38
东莞
1
37.8
173.6
173.6
39
乌鲁木齐
1
26.8
305.9
305.9
40
兰州
1
25.5
251.3
251.3
41
太原
1
23.3
281.5
281.5
42
绍兴
1
20.3
49.0
32.7
43
淮安
1
20.1
44.5
44.5
44
句容
1
17.3
23.9
14.2
45
文山
1
13.4
1.7
1.7
46
天水
1
12.9
4.1
4.1
47
嘉兴
1
11.1
6.0
6.0
48
三亚
1
8.4
9.0
9.0
49
昆山
1
6.0
0.0
0.0