1
上海
20
825.0
28278.6
15773.2
2
北京
27
783.0
23179.4
12877.4
3
广州
17
590.0
22559.7
12384.8
4
成都
13
557.8
14837.8
7744.8
5
武汉
14
478.6
8709.9
5672.0
6
深圳
13
431.0
13955.4
8638.2
7
南京
13
426.4
7712.3
4279.3
8
重庆
10
401.8
8174.2
5434.9
9
杭州
9
342.0
6201.5
3966.6
10
青岛
7
293.1
2646.1
1890.5
11
天津
7
265.0
1812.9
1145.8
12
苏州
7
254.2
3765.0
2390.6
13
西安
8
252.6
1241.5
810.2
14
沈阳
10
216.7
3306.6
2259.2
15
郑州
7
206.4
1752.6
1149.3
16
大连
5
201.0
1338.4
1067.5
17
宁波
6
182.3
2001.8
1142.0
18
长沙
6
161.6
4436.7
2508.9
19
合肥
5
153.6
2720.0
1881.0
20
昆明
5
139.4
1426.0
1058.7
21
南昌
4
128.5
2735.2
1634.4
22
南宁
5
128.2
2548.4
1571.0
23
无锡
4
110.8
1189.9
820.0
24
长春
5
106.7
1684.8
1150.0
25
厦门
3
98.4
1637.3
1263.2
26
济南
3
84.1
490.8
369.3
27
哈尔滨
3
78.1
1422.4
959.1
28
贵阳
2
74.4
845.2
683.5
29
石家庄
3
74.3
915.0
668.4
30
佛山
4
69.9
685.8
636.8
31
徐州
3
63.8
793.6
567.6
32
福州
2
58.4
1023.8
867.4
33
常州
2
54.0
516.3
406.4
34
温州
1
52.5
62.3
62.3
35
呼和浩特
2
49.0
592.7
491.6
36
嘉兴（海宁）
1
46.4
63.6
53.2
37
芜湖
2
46.2
263.9
208.4
38
洛阳
2
43.5
256.7
197.0
39
东莞
1
37.8
309.6
309.6
40
乌鲁木齐
1
26.8
243.1
243.1
41
兰州
1
25.5
550.2
550.2
42
太原
1
23.3
317.2
317.2
43
绍兴
1
20.3
46.1
30.8
44
淮安
1
20.1
63.0
63.0
45
镇江(句容)
1
17.3
50.0
36.3
46
文山
1
13.4
1.8
1.8
47
天水
1
12.9
6.2
6.2
48
嘉兴
1
10.6
7.4
7.4
49
三亚
1
8.4
13.3
13.3
50
苏州（昆山)
1
6.0
138.6
70.0