1
上海
20
825.0
27.7
23.8
2
北京
27
783.0
6257.4
3473.7
3
广州
18
609.8
20123.7
11043.5
4
成都
13
557.8
14868.4
8416.2
5
武汉
14
478.6
8434.4
5432.3
6
深圳
13
431.0
16635.2
9832.0
7
南京
13
426.4
6363.6
3556.1
8
杭州
11
419.0
7256.5
4506.3
9
重庆
10
401.8
8773.6
5835.2
10
青岛
7
293.1
2395.6
1722.9
11
天津
7
265.0
2422.0
1519.7
12
苏州
7
254.2
1871.1
1194.4
13
西安
8
252.6
8399.9
5341.0
14
沈阳
10
216.7
1886.2
1278.3
15
郑州
7
206.4
1702.2
1112.2
16
大连
5
201.0
1176.9
935.1
17
宁波
6
182.3
1913.5
1090.8
18
长沙
6
161.6
4532.8
2560.0
19
合肥
5
153.6
2085.4
1419.2
20
昆明
5
139.4
1607.5
1209.6
21
南昌
4
128.5
1391.3
824.0
22
南宁
5
128.2
2513.6
1516.8
23
无锡
4
110.8
894.9
617.6
24
长春
5
106.7
323.5
232.5
25
厦门
3
98.4
1664.0
1281.4
26
济南
3
84.1
300.9
225.7
27
佛山
5
81.7
632.1
591.6
28
福州
3
80.0
1147.4
919.9
29
哈尔滨
3
78.1
990.4
667.7
30
贵阳
2
74.4
864.3
689.2
31
石家庄
3
74.3
817.7
611.7
32
徐州
3
64.1
319.1
224.6
33
常州
2
54.0
297.7
243.8
34
温州
1
52.5
63.3
63.3
35
呼和浩特
2
49.0
352.7
287.2
36
绍兴
2
47.1
202.8
148.8
37
芜湖
2
46.2
201.2
159.4
38
洛阳
2
43.5
228.9
177.0
39
东莞
1
37.8
283.8
283.8
40
乌鲁木齐
1
26.8
142.4
142.4
41
兰州
1
25.5
496.8
496.8
42
太原
1
23.3
255.2
255.2
43
淮安
1
20.1
42.0
42.0
44
句容
1
17.3
24.9
11.5
45
文山
1
13.4
1.1
1.1
46
天水
1
12.9
6.3
6.3
47
嘉兴
1
11.1
4.8
4.8
48
三亚
1
8.4
5.9
5.9
49
昆山
1
6.0
0.0
0.0
