1
上海
20
825.0
5.2
4.9
2
北京
27
783.0
22037.5
12133.9
3
广州
18
608.2
16615.0
9150.1
4
成都
13
557.8
13242.5
7492.5
5
武汉
14
478.6
7018.7
4528.6
6
深圳
13
431.0
15269.2
9242.3
7
南京
13
426.4
4917.1
2800.21
8
杭州
11
419.0
6472.1
4063.0
9
重庆
10
401.8
8721.7
5807.0
10
青岛
7
293.1
2038.8
1480.6
11
天津
7
265.0
2897.6
1816.1
12
苏州
7
254.2
1439.4
929.5
13
西安
8
252.6
6802.5
4325.7
14
沈阳
10
216.7
668.9
464.9
15
郑州
7
206.4
2829.3
1844.6
16
大连
5
201.0
860.0
686.1
17
宁波
6
182.3
1629.4
931.0
18
长沙
6
161.6
3231.6
1843.5
19
合肥
5
153.6
1467.3
1008.8
20
昆明
5
139.4
1335.4
1012.5
21
南昌
4
128.5
754.4
459.5
22
南宁
5
128.2
1951.5
1172.8
23
无锡
4
110.8
500.6
355.5
24
长春
5
106.7
0.0
0.0
25
厦门
3
98.4
1484.8
1147.6
26
济南
3
84.1
193.9
148.6
27
福州
3
80.0
735.3
628.1
28
哈尔滨
3
78.1
317.6
217.6
29
贵阳
2
74.4
760.8
607.2
30
石家庄
3
74.3
775.0
578.8
31
佛山
4
69.9
642.1
609.6
32
徐州
3
64.1
100.5
70.9
33
常州
2
54.0
233.3
191.6
34
温州
1
52.5
53.9
53.9
35
呼和浩特
2
49.0
255.8
208.0
36
绍兴
2
47.1
52.1
36.6
37
芜湖
2
46.2
101.0
81.4
38
洛阳
2
43.5
207.7
159.7
39
东莞
1
37.8
228.7
228.7
40
乌鲁木齐
1
26.8
178.7
178.7
41
兰州
1
25.5
272.6
272.6
42
太原
1
23.3
96.8
96.8
43
淮安
1
20.1
35.0
35.0
44
句容
1
17.3
0.0
0.0
45
文山
1
13.4
0.8
0.8
46
天水
1
12.9
0.4
0.4
47
嘉兴
1
11.1
2.0
2.0
48
三亚
1
8.4
1.3
1.3
49
昆山
1
6.0
0.0
0.0
