1
上海
20
825.0
15916.1
8630.4
2
北京
27
783.0
14478.9
7911.1
3
广州
18
609.8
23014.7
12528.9
4
成都
13
557.8
15941.6
8992.5
5
武汉
14
478.6
9421.2
6034.1
6
杭州
11
450.5
8689.9
5329.5
7
重庆
10
434.6
9691.3
6377.1
8
深圳
13
431.0
16729.3
10127.5
9
南京
13
426.4
7503.6
4104.1
10
青岛
7
293.1
2786.3
1980.6
11
天津
7
265.0
3163.4
1971.4
12
苏州
7
254.2
2996.0
1861.7
13
西安
8
252.6
8743.1
5554.7
14
沈阳
10
216.7
2913.2
1967.7
15
郑州
7
215.4
3049.0
1960.8
16
长沙
7
209.1
4628.3
2602.5
17
大连
5
201.0
1412.8
1115.8
18
宁波
6
182.3
2304.8
1313.6
19
昆明
6
165.9
1858.8
1387.5
20
合肥
5
153.6
2526.2
1710.6
21
南昌
4
128.5
2534.5
1467.4
22
南宁
5
128.2
2665.3
1608.0
23
无锡
4
110.8
1141.3
788.4
24
长春
5
106.7
1083.1
766.3
25
厦门
3
98.4
1728.1
1327.0
26
济南
3
84.1
527.4
388.0
27
佛山
5
81.7
1773.6
1070.5
28
福州
3
80.0
1163.6
923.0
29
哈尔滨
3
78.1
1635.0
1092.6
30
贵阳
2
74.4
949.0
753.4
31
石家庄
3
74.3
897.2
664.6
32
徐州
3
64.1
577.6
408.3
33
常州
2
54.0
400.7
328.9
34
温州
1
52.5
78.5
78.5
35
呼和浩特
2
49.0
380.2
307.6
36
绍兴
2
47.1
312.3
218.7
37
芜湖
2
46.2
221.8
174.6
38
洛阳
2
43.5
273.6
208.9
39
东莞
1
37.8
310.6
310.6
40
乌鲁木齐
1
26.8
185.2
185.2
41
兰州
1
25.5
586.5
586.5
42
太原
1
23.3
286.1
286.1
43
淮安
1
20.1
46.7
46.7
44
句容
1
17.3
41.5
24.3
45
嘉兴
1
13.8
7.8
7.8
46
文山
1
13.4
2.5
2.5
47
天水
1
12.9
7.0
7.0
48
三亚
1
8.4
5.4
5.4
49
昆山
1
6.0
0.0
0.0