1
上海
20
825.0
18274.5
10028.6
2
北京
27
793.0
9107.9
5024.1
3
广州
18
609.8
11776.3
6496.9
4
成都
13
557.8
11388.4
6437.9
5
深圳
17
558.6
14376.0
8423.3
6
杭州
12
516.0
6411.2
3944.3	
7
武汉
14
504.3
4465.4
2866.9
8
重庆
10
434.6
3611.9
2331.5
9
南京
13
428.5
3611.9
2331.5
10
青岛
8
323.8
1502.1
1086.0
11
天津
8
286.0
1905.1
1184.9
12
西安
8
272.4
4598.1
3000.9
13
苏州
7
254.2
2316.0
1439.8
14
郑州
8
233.0
1267.0
827.3
15
沈阳
10
216.7
1530.7
1037.6
16
大连
5
212.6
721.7
574.9
17
长沙
7
209.1
3213.2
1722.6
18
宁波
6
186.0
1684.9
961.5
19
合肥
5
168.8
1511.8
1034.3
20
昆明
6
165.9
1017.7
746.5
21
南昌
4
128.5
1635.3
991.6
22
南宁
5
128.2
1791.0
1069.9
23
佛山
6
127.3
523.1
451.4
24
无锡
4
110.8
738.2
504.6
25
福州
4
110.7
774.0
597.8
26
长春
5
106.7
492.5
351.9
27
厦门
3
98.4
1318.9
1014.9
28
济南
3
84.1
204.4
153.6
29
哈尔滨
3
78.1
474.9
321.7
30
贵阳
2
74.4
576.2
456.4
31
石家庄
3
74.3
307.7
222.9
32
徐州
3
64.1
264.9
217.5
33
常州
2
54.0
264.9
217.5
34
温州
1
52.5
52.7
52.7
35
呼和浩特
2
49.0
125.3
100.6
36
绍兴
2
47.1
130.5
78.5
37
芜湖
2
46.2
133.7
109.9
38
洛阳
2
43.5
103.1
78.6
39
南通
1
38.5
74.3
74.3
40
东莞
1
37.8
195.6
195.6
41
乌鲁木齐
1
26.8
108.5
108.5
42
黄石
1
26.8
0.000001
0.000001
43
兰州
1
25.5
113.4
113.4
44
太原
1
23.3
113.4
113.4
45
淮安
1
20.1
28.5
28.5
46
句容
1
17.3
27.8
15.7
47
嘉兴
1
13.8
8.1
8.1
48
文山
1
13.4
1.4
1.4
49
天水
1
12.9
2.1
2.1
50
三亚
1
8.4
5.9
5.9
51
昆山
1
6.0
83.6
42.3