1
上海
20
825.0
27440.8
15052.1
2
北京
27
783.0
24005.5
13113.9
3
广州
18
609.8
22257.1
12115.7
4
成都
13
557.8
6573.7
3747.9
5
杭州
12
516.0
9393.7
5726.8
6
武汉
14
478.6
7863.5
5048.0
7
重庆
10
434.6
7793.6
5151.3
8
深圳
13
431.0
13249.1
8001.4
9
南京
13
428.5
7563.1
4035.7
10
青岛
7
293.1
2560.2
1838.1
11
天津
7
265.0
2099.6
1314.5
12
苏州
7
254.2
3689.1
2269.9
13
西安
8
252.6
7700.7
4876.8
14
郑州
8
233.0
3313.6
2124.0
15
沈阳
10
216.7
2407.7
1627.9
16
大连
5
212.6
480.8
381.0
17
长沙
7
209.1
6203.5
3290.8
18
宁波
6
182.3
2318.4
1321.5
19
昆明
6
165.9
1412.9
1036.7
20
合肥
5
153.6
2627.8
1772.2
21
南昌
4
128.5
2023.3
1180.7
22
南宁
5
128.2
2220.8
1334.7
23
无锡
4
110.8
1132.5
773.7
24
福州
4
110.7
1455.4
1106.5
25
长春
5
106.7
1271.1
907.2
26
厦门
3
98.4
1796.9
1378.1
27
济南
3
84.1
565.1
413.9
28
佛山
5
81.7
763.2
667.2
29
哈尔滨
3
78.1
989.3
677.8
30
贵阳
2
74.4
90.7
72.6
31
石家庄
3
74.3
474.2
354.0
32
徐州
3
64.1
540.1
383.9
33
常州
2
54.0
432.0
349.1
34
温州
1
52.5
72.4
72.4
35
呼和浩特
2
49.0
384.3
311.3
36
绍兴
2
47.1
339.1
231.1
37
芜湖
2
46.2
205.1
179.2
38
洛阳
2
43.5
246.4
188.5
39
东莞
1
37.8
305.9
305.9
40
乌鲁木齐
1
26.8
0.0
0.0
41
兰州
1
25.5
324.4
324.4
42
太原
1
23.3
288.9
288.9
43
淮安
1
20.1
47.5
47.5
44
句容
1
17.3
44.1
32.1
45
嘉兴
1
13.8
13.7
13.7
46
文山
1
13.4
2.5
2.5
47
天水
1
12.9
6.3
6.3
48
三亚
1
8.4
0.7
0.7
49
昆山
1
6.0
119.6
60.3