1
上海
20
825.0
24506.5
13686.3
2
北京
27
783.0
19024.6
10550.6
3
广州
17
590.0
17014.1
9367.4
4
成都
13
557.8
11463.6
6546.0
5
武汉
14
478.6
6952.4
4521.6
6
深圳
13
431.0
10762.3
6617.4
7
南京
13
426.4
6233.0
3457.2
8
重庆
10
401.8
7979.2
5300.1
9
杭州
11
401.0
5864.3
3713.7
10
青岛
7
293.1
2268.0
1641.8
11
天津
7
265.0
2479.9
1556.6
12
苏州
7
254.2
2097.3
1354.8
13
西安
8
252.6
6801.7
4364.9
14
沈阳
10
216.7
2717.3
1853.0
15
郑州
7
206.4
3111.5
2012.2
16
大连
5
201.0
1152.4
908.4
17
宁波
6
182.3
2014.8
1151.1
18
长沙
6
161.6
3889.6
2211.5
19
合肥
5
153.6
2403.4
1653.1
20
昆明
5
139.4
1514.0
1125.3
21
南昌
4
128.5
2367.7
1391.9
22
南宁
5
128.2
1801.2
1074.1
23
无锡
4
110.8
1017.4
699.7
24
长春
5
106.7
1109.1
784.4
25
厦门
3
98.4
1441.2
1110.1
26
济南
3
84.1
497.1
372.0
27
哈尔滨
3
78.1
1270.6
848.1
28
贵阳
2
74.4
726.0
574.4
29
石家庄
3
74.3
825.4
597.7
30
佛山
4
69.9
496.7
463.3
31
徐州
3
64.1
731.3
526.6
32
福州
2
58.4
850.3
720.3
33
常州
2
54.0
419.7
344.7
34
温州
1
52.5
64.3
64.3
35
呼和浩特
2
49.0
271.1
226.5
36
海宁
1
46.4
50.7
42.5
37
芜湖
2
46.2
290.4
224.8
38
洛阳
2
43.5
449.4
341.5
39
东莞
1
37.8
238.2
238.2
40
乌鲁木齐
1
26.8
233.5
233.5
41
兰州
1
25.5
482.0
482.0
42
太原
1
23.3
269.9
269.9
43
绍兴
1
20.3
39.4
25.9
44
淮安
1
20.1
64.3
64.3
45
句容
1
17.3
40.3
29.0
46
文山
1
13.4
2.4
2.4
47
天水
1
12.9
7.3
7.3
48
嘉兴
1
11.1
8.7
8.7
49
三亚
1
8.4
17.1
17.1
50
昆山
1
6.0
43.2
22.9