1
上海
20
825.0
18486.2
10284.3
2
北京
27
797.3
16967.4
9384.6
3
广州
18
609.8
15644.5
8536.2
4
深圳
17
558.6
13270.5
7827.1
5
成都
13
557.8
12004.7
6839.0
6
杭州
12
516.0
6278.3
3877.3
7
武汉
14
504.3
6726.1
4316.8
8
南京
14
448.8
4952.9
2945.7
9
重庆
10
447.3
7208.6
4605.2
10
青岛
8
323.8
2003.9
1448.4
11
天津
8
286.0
2736.0
1699.6
12
西安
8
272.4
7297.7
4793.1
13
苏州
7
254.2
2303.7
1437.5
14
郑州
8
233.0
2357.2
1528.2
15
沈阳
10
216.7
2326.1
1576.4
16
大连
5
212.6
925.6
734.2
17
长沙
7
209.1
4395.8
2389.1
18
宁波
6
186.0
1814.8
1036.5
19
合肥
5
168.8
1999.3
1366.4
20
昆明
6
165.9
1483.5
1080.3
21
南昌
4
128.5
1998.9
1200.6
22
南宁
5
128.2
1952.4
1157.6
23
佛山
6
127.3
1568.2
952.0
24
无锡
4
110.8
1153.8
787.2
25
福州
4
110.7
989.3
748.9
26
长春
5
106.7
731.3
521.2
27
厦门
3
98.4
1187.1
916.5
28
济南
3
84.1
379.8
282.1
29
哈尔滨
3
78.1
1111.8
737.0
30
贵阳
2
74.4
603.1
475.6
31
石家庄
3
74.3
725.0
518.6
32
徐州
3
64.1
619.9
451.8
33
常州
2
54.0
311.3
255.4
34
温州
1
52.5
62.6
62.6
35
呼和浩特
2
49.0
284.1
230.7
36
绍兴
2
47.1
194.1
111.7
37
芜湖
2
46.2
176.5
155.1
38
洛阳
2
43.5
422.6
319.0
39
南通
1
38.5
144.1
144.1
40
东莞
1
37.8
238.3
238.3
41
乌鲁木齐
1
26.8
191.0
191.0
42
黄石
1
26.8
52.9
52.9
43
兰州
1
25.5
372.4
372.4
44
太原
1
23.3
201.5
201.5
45
淮安
1
20.1
68.1
68.1
46
句容
1
17.3
36.9
22.2
47
嘉兴
1
13.8
10.3
10.3
48
文山
1
13.4
3.8
3.7
49
红河
1
13.4
2.3
2.3
50
天水
1
12.9
6.5
6.5
51
三亚
1
8.4
14.6
14.6
52
昆山
1
6.0
86.6
44.3